YEAR	Month	Max Temp
1953	1	26.7
1953	2	33.6
1953	3	37.5
1953	4	37.7
1953	5	34.7
1953	6	34.1
1953	7	34.8
1953	8	32.9
1953	9	33.8
1953	10	32.3
1953	11	30.3
1953	12	29.4
1954	1	29.2
1954	2	33.6
1954	3	37.3
1954	4	36.9
1954	5	37.3
1954	6	32.8
1954	7	32.3
1954	8	32.8
1954	9	34.2
1954	10	33.1
1954	11	29.9
1954	12	29.1
1955	1	27.4
1955	2	32.9
1955	3	36.2
1955	4	35.8
1955	5	36.6
1955	6	33.7
1955	7	32.3
1955	8	32.3
1955	9	33.8
1955	10	33.9
1955	11	31.3
1955	12	28.2
1956	1	28
1956	2	34.1
1956	3	36.2
1956	4	37.7
1956	5	34.1
1956	6	32.3
1956	7	33
1956	8	32.3
1956	9	33.3
1956	10	33.7
1956	11	30.4
1956	12	28.1
1957	1	28
1957	2	30.8
1957	3	35.8
1957	4	37.7
1957	5	37.2
1957	6	34.6
1957	7	32.7
1957	8	35.9
1957	9	34.8
1957	10	32.9
1957	11	30.6
1957	12	28.8
1958	1	30.6
1958	2	31
1958	3	36.6
1958	4	37.3
1958	5	36.1
1958	6	35.9
1958	7	33.8
1958	8	33.4
1958	9	33.4
1958	10	33.9
1958	11	33.1
1958	12	29.6
1959	1	29.1
1959	2	31
1959	3	37.7
1959	4	37.7
1959	5	35.5
1959	6	34.8
1959	7	33.3
1959	8	33.4
1959	9	33.4
1959	10	32.2
1959	11	29.7
1959	12	27.4
1960	1	27.4
1960	2	34.3
1960	3	37.1
1960	4	37.7
1960	5	37.6
1960	6	34.2
1960	7	33.1
1960	8	33.3
1960	9	33.7
1960	10	33.4
1960	11	28.9
1960	12	28.7
1961	1	29.2
1961	2	31.7
1961	3	36.3
1961	4	37.2
1961	5	36.6
1961	6	35.1
1961	7	34.3
1961	8	32.8
1961	9	33.6
1961	10	32.6
1961	11	30.6
1961	12	31
1962	1	29.3
1962	2	31.6
1962	3	37.4
1962	4	37.2
1962	5	35.9
1962	6	35
1962	7	35.1
1962	8	32.7
1962	9	33.6
1962	10	32.5
1962	11	31.1
1962	12	28
1963	1	28.1
1963	2	33.1
1963	3	36.1
1963	4	37.2
1963	5	34.9
1963	6	34.7
1963	7	32.7
1963	8	32.7
1963	9	34.9
1963	10	33.2
1963	11	31.1
1963	12	28.2
1964	1	29.9
1964	2	34.7
1964	3	36.7
1964	4	36.7
1964	5	36.7
1964	6	34.9
1964	7	32.6
1964	8	32.8
1964	9	34.3
1964	10	32.9
1964	11	30.6
1964	12	28.3
1965	1	28.6
1965	2	31.6
1965	3	35.8
1965	4	37.3
1965	5	36.6
1965	6	34.2
1965	7	32.4
1965	8	33.4
1965	9	33.3
1965	10	32.9
1965	11	32.6
1965	12	28.9
1966	1	26.3
1966	2	30.3
1966	3	33.9
1966	4	37.6
1966	5	37.6
1966	6	35.6
1966	7	32.8
1966	8	32.8
1966	9	34.1
1966	10	31.9
1966	11	30.5
1966	12	27.2
1967	1	27.2
1967	2	33.6
1967	3	34.9
1967	4	37.7
1967	5	36.1
1967	6	35.4
1967	7	32.8
1967	8	33.9
1967	9	32.7
1967	10	33.3
1967	11	29.9
1967	12	28.3
1968	1	27.2
1968	2	31.6
1968	3	36.9
1968	4	37.7
1968	5	36.9
1968	6	33.1
1968	7	33.3
1968	8	34.2
1968	9	35.3
1968	10	32.8
1968	11	31.2
1968	12	29.4
1969	1	28.3
1969	2	35.1
1969	3	35.8
1969	4	37.2
1969	5	37.1
1969	6	34.2
1969	7	32.8
1969	8	33.3
1969	9	34.4
1969	10	32.8
1969	11	32.2
1969	12	27.8
1970	1	27.8
1970	2	32.3
1970	3	37.2
1970	4	36.9
1970	5	37.2
1970	6	34.4
1970	7	34.2
1970	8	34.2
1970	9	33.3
1970	10	32.9
1970	11	30.9
1970	12	27.8
1971	1	26.7
1971	2	31.6
1971	3	33.9
1971	4	34.7
1971	5	35.3
1971	6	32.8
1971	7	33.3
1971	8	32.7
1971	9	33.8
1971	10	32.8
1971	11	30.2
1971	12	27.7
1972	1	30.5
1972	2	31.7
1972	3	36.7
1972	4	36.8
1972	5	36.1
1972	6	35.2
1972	7	35.6
1972	8	32.4
1972	9	34.6
1972	10	33.8
1972	11	31.1
1972	12	30.9
1973	1	31.2
1973	2	33.6
1973	3	36.3
1973	4	37.7
1973	5	33.3
1973	6	33.5
1973	7	31.6
1973	8	32.9
1973	9	36.7
1973	10	33.2
1973	11	30.6
1973	12	26.7
1974	1	26.3
1974	2	30.3
1974	3	33.9
1974	4	34.7
1974	5	33.4
1974	6	32.9
1974	7	31.6
1974	8	31.8
1974	9	32.2
1974	10	32
1974	11	30.6
1974	12	27.7
1975	1	27.2
1975	2	31.9
1975	3	37.2
1975	4	37.6
1975	5	36.7
1975	6	34.9
1975	7	32.2
1975	8	34.4
1975	9	33.4
1975	10	33.2
1975	11	30.2
1975	12	26.8
1976	1	29.2
1976	2	32.8
1976	3	37
1976	4	37.6
1976	5	36.2
1976	6	33.9
1976	7	32.4
1976	8	32.8
1976	9	33.9
1976	10	33.1
1976	11	32.4
1976	12	28.7
1977	1	27.4
1977	2	32.3
1977	3	35.6
1977	4	33.3
1977	5	34.7
1977	6	33.8
1977	7	33.6
1977	8	34.4
1977	9	35
1977	10	32.2
1977	11	31.9
1977	12	29.4
1978	1	34.2
1978	2	33
1978	3	36.1
1978	4	37.2
1978	5	35.3
1978	6	33.3
1978	7	32.9
1978	8	33.8
1978	9	33.6
1978	10	33.4
1978	11	32.9
1978	12	29.8
1979	1	28.3
1979	2	31.1
1979	3	36.6
1979	4	37.3
1979	5	37.4
1979	6	37.3
1979	7	33.9
1979	8	35.1
1979	9	34.2
1979	10	32.7
1979	11	31.8
1979	12	27.2
1980	1	28.9
1980	2	32.2
1980	3	36.2
1980	4	37.2
1980	5	35.4
1980	6	36.7
1980	7	32.8
1980	8	33.6
1980	9	33.6
1980	10	32.5
1980	11	31.7
1980	12	28.9
1981	1	27.8
1981	2	32.9
1981	3	34
1981	4	35.4
1981	5	35
1981	6	35.9
1981	7	33.3
1981	8	36.5
1981	9	35
1981	10	33.4
1981	11	33.1
1981	12	29
1982	1	30.1
1982	2	30.3
1982	3	36.1
1982	4	37.8
1982	5	38.3
1982	6	36.6
1982	7	34.8
1982	8	33.2
1982	9	34.8
1982	10	34.4
1982	11	32.1
1982	12	27.2
1983	1	28.1
1983	2	31.7
1983	3	36.2
1983	4	37.8
1983	5	36.4
1983	6	35.6
1983	7	34.4
1983	8	33.6
1983	9	33.1
1983	10	33.6
1983	11	32.8
1983	12	28.8
1984	1	27.2
1984	2	33
1984	3	38
1984	4	37.6
1984	5	35.8
1984	6	35.8
1984	7	32.5
1984	8	35.4
1984	9	34.5
1984	10	34
1984	11	31.8
1984	12	30
1985	1	29.4
1985	2	32.4
1985	3	37.8
1985	4	35.8
1985	5	35.1
1985	6	35
1985	7	34.3
1985	8	34.7
1985	9	35
1985	10	35.5
1985	11	33.3
1985	12	30.6
1986	1	30
1986	2	32.3
1986	3	39.5
1986	4	38
1986	5	37.2
1986	6	36.8
1986	7	34.5
1986	8	36
1986	9	34.5
1986	10	33.9
1986	11	33.1
1986	12	29
1987	1	29.8
1987	2	34
1987	3	38.6
1987	4	39.5
1987	5	38
1987	6	40.8
1987	7	34.1
1987	8	34.7
1987	9	34.6
1987	10	35.1
1987	11	33
1987	12	29.2
1988	1	29.2
1988	2	32.8
1988	3	37
1988	4	39
1988	5	36.2
1988	6	36.8
1988	7	35.2
1988	8	34.1
1988	9	36
1988	10	35.1
1988	11	33
1988	12	29.3
1989	1	27.9
1989	2	32.6
1989	3	37.2
1989	4	38.4
1989	5	39.4
1989	6	36.5
1989	7	34.1
1989	8	35.5
1989	9	35.3
1989	10	35.4
1989	11	33.4
1989	12	30
1990	1	28.2
1990	2	30.4
1990	3	34.6
1990	4	34.5
1990	5	35.4
1990	6	34.2
1990	7	32.7
1990	8	35.3
1990	9	34.8
1990	10	34
1990	11	32.8
1990	12	28.6
1991	1	28
1991	2	33
1991	3	36.8
1991	4	37.8
1991	5	34.2
1991	6	34
1991	7	35
1991	8	36.2
1991	9	34.5
1991	10	35
1991	11	30.2
1991	12	29.3
1992	1	27.4
1992	2	28
1992	3	36.6
1992	4	39.2
1992	5	36.2
1992	6	35.8
1992	7	33.8
1992	8	35.2
1992	9	35
1992	10	34.6
1992	11	33.5
1992	12	27.8
1993	1	28.6
1993	2	32
1993	3	34.6
1993	4	37
1993	5	35
1993	6	34.3
1993	7	33.2
1993	8	33.3
1993	9	35.3
1993	10	33.6
1993	11	30.8
1993	12	29.1
1994	1	29.1
1994	2	31
1994	3	35.2
1994	4	37.6
1994	5	36.1
1994	6	34.8
1994	7	34
1994	8	34.1
1994	9	35
1994	10	34.5
1994	11	33
1994	12	29.8
1995	1	29.2
1995	2	30.8
1995	3	38.8
1995	4	39
1995	5	38
1995	6	36.6
1995	7	33.5
1995	8	34.7
1995	9	35.6
1995	10	34.6
1995	11	34.2
1995	12	28.6
1996	1	29.2
1996	2	32
1996	3	37.6
1996	4	38.4
1996	5	36.5
1996	6	35.5
1996	7	34.1
1996	8	35.5
1996	9	37.5
1996	10	35.4
1996	11	33.7
1996	12	30.3
1997	1	27.6
1997	2	31.3
1997	3	35.6
1997	4	34.7
1997	5	36.2
1997	6	35.5
1997	7	34.4
1997	8	37.5
1997	9	34
1997	10	34
1997	11	33.7
1997	12	29
1998	1	27.3
1998	2	30.8
1998	3	34.8
1998	4	35.7
1998	5	37.5
1998	6	35.8
1998	7	34.1
1998	8	34.6
1998	9	36.2
1998	10	35.7
1998	11	33.6
1998	12	30.3
1999	1	29.4
1999	2	34.2
1999	3	37.6
1999	4	37.6
1999	5	37.5
1999	6	36.6
1999	7	35.6
1999	8	34
1999	9	34.6
1999	10	34.6
1999	11	32.4
1999	12	29.7
2000	1	28.7
2000	2	28.2
2000	3	34
2000	4	35.1
2000	5	36.6
2000	6	35.2
2000	7	35.2
2000	8	35
2000	9	34.4
2000	10	34.9
2000	11	32.5
2000	12	27.3
2001	1	28
2001	2	31.4
2001	3	35.8
2001	4	37.5
2001	5	35
2001	6	33.8
2001	7	34
2001	8	34
2001	9	34.2
2001	10	34.8
2001	11	32
2001	12	28.4
2002	1	28.2
2002	2	33.5
2002	3	35.5
2002	4	34.3
2002	5	35.4
2002	6	34.4
2002	7	35.2
2002	8	34.1
2002	9	35
2002	10	34.2
2002	11	32
2002	12	29.5
2003	1	27.5
2003	2	31.6
2003	3	34
2003	4	36.2
2003	5	36.3
2003	6	36.7
2003	7	35.3
2003	8	35.1
2003	9	34.2
2003	10	34
2003	11	32.1
2003	12	29.2
2004	1	27.5
2004	2	32.8
2004	3	35.7
2004	4	35.2
2004	5	38.1
2004	6	35.2
2004	7	34.5
2004	8	34.6
2004	9	34
2004	10	34.5
2004	11	31.1
2004	12	29.4
2005	1	28.5
2005	2	32.1
2005	3	35.6
2005	4	37
2005	5	36.4
2005	6	36.6
2005	7	33.7
2005	8	34
2005	9	35.1
2005	10	34.6
2005	11	31.4
2005	12	29
2006	1	28.2
2006	2	35.9
2006	3	38.5
2006	4	37.1
2006	5	36.8
2006	6	35
2006	7	35.6
2006	8	35.2
2006	9	35.7
2006	10	34.7
2006	11	32.6
2006	12	30.1
2007	1	28.8
2007	2	30.8
2007	3	36.7
2007	4	35.9
2007	5	37.5
2007	6	35.9
2007	7	34.8
2007	8	35.9
2007	9	34.9
2007	10	35.6
2007	11	31.8
2007	12	28.2
2008	1	29
2008	2	30.6
2008	3	34.6
2008	4	36.9
2008	5	36.7
2008	6	35.4
2008	7	34
2008	8	36
2008	9	34.8
2008	10	34.8
2008	11	32.3
2008	12	29
2009	1	28.1
2009	2	33.9
2009	3	36
2009	4	39.6
2009	5	37.8
2009	6	36.5
2009	7	35.7
2009	8	34.3
2009	9	35.3
2009	10	35.8
2009	11	33.9
2009	12	29
2010	1	29
2010	2	31.2
2010	3	37.3
2010	4	37.9
2010	5	36.9
2010	6	35.8
2010	7	35.1
2010	8	35.1
2010	9	34
2010	10	35.7
2010	11	33.2
2010	12	29.7
2011	1	27.8
2011	2	31
2011	3	34.5
2011	4	35.8
2011	5	35.3
2011	6	36
2011	7	35.4
2011	8	35
2011	9	36.2
2011	10	34.5
2011	11	32.4
2011	12	30
2012	1	28.5
2012	2	33
2012	3	37.3
2012	4	37.1
2012	5	36.2
2012	6	36.7
2012	7	34.3
2012	8	34.5
2012	9	36.5
2012	10	34.4
2012	11	32.4
2012	12	28.5
2013	1	28.1
2013	2	32.4
2013	3	36
2013	4	37
2013	5	37.1
2013	6	36.4
2013	7	34.6
2013	8	35
2013	9	35.7
2013	10	35.2
2013	11	32.1
2013	12	30.5
2014	1	24.3
2014	2	27.2
2014	3	32.4
2014	4	36.4
2014	5	35.2
2014	6	33.2
2014	7	32.9
2014	8	32.2
2014	9	32.9
2014	10	32.2
2014	11	30.2
2014	12	24.5
2015	1	24.77
2015	2	28.42
2015	3	32.1
2015	4	32.82
2015	5	34.08
2015	6	32.74
2015	7	31.72
2015	8	32.61
2015	9	32.86
2015	10	32.69
2015	11	30.23
2015	12	25.34
2016	1	24.87
2016	2	29.8
2016	3	33.11
2016	4	35.13
2016	5	33.68
2016	6	33.93
2016	7	33.22
2016	8	33.28
2016	9	32.87
2016	10	33.07
2016	11	29.6
2016	12	27.75
2017	1	28.4
2017	2	30
2017	3	32.4
2017	4	34.6
2017	5	32.5
2017	6	31.4
2017	7	32
2017	8	30.8
2017	9	32.1
2017	10	30.8
2017	11	29.3
2017	12	29.1
2018	1	29.1
2018	2	29.5
2018	3	32.2
2018	4	32.2
2018	5	30.5
2018	6	30.5
2018	7	31.7
2018	8	32
2018	9	32.8
2018	10	29.4
2018	11	29.3
2018	12	28.9
2019	1	28.6
2019	2	31.1
2019	3	32.8
2019	4	33.1
2019	5	33.3
2019	6	32.7
2019	7	32.7
2019	8	32.1
2019	9	32.1
2019	10	29.8
2019	11	30
2019	12	28.8
2020	1	29.2
2020	2	30.7
2020	3	32.7
2020	4	32.7
2020	5	32.5
2020	6	32.4
2020	7	31.6
2020	8	32.5
2020	9	31.7
2020	10	31.8
2020	11	30
2020	12	28.6
2021	1	30
2021	2	38
2021	3	38
2021	4	36
2021	5	36
2021	6	34
2021	7	35
2021	8	33
2021	9	34
2021	10	35
2021	11	33
